var	Tas-Int-1	Tas-Int-2	Tas-Int-3	GP-Int-1	GP-Int-2	GP-Int-3	SiU-Int-1	SiU-Int-2	SiU-Int-3	EP-Int-1	EP-Int-2	EP-Int-3	FS-Int-1	FS-Int-2	FS-Int-3	JLB3-Int-1	JLB3-Int-2	JLB3-Int-3	ML8-Int-1	ML8-Int-2	ML8-Int-3	VM19D-Int-1	VM19D-Int-2	VM19D-Int-3	En8DAP-Int-1	En8DAP-Int-2	En8DAP-Int-3	Em20DAP-Int-1	Em20DAP-Int-2	Em20DAP-Int-3	IND-Int-1	IND-Int-2	IND-Int-3	PR5D-Int-1	PR5D-Int-2	PR5D-Int-3	SR7D-Int-1	SR7D-Int-2	SR7D-Int-3
Tas-Int-1	1	0.971701032140832	0.922422062146824	-0.00568076921033998	-0.00388762564587742	-0.00365513095373691	0.727176763986826	0.269250806095631	0.712078057760872	0.685236111728541	0.807793915561917	0.759683406228073	0.610686826837615	0.598162699580507	0.637857256718795	0.144777633371736	0.076723153144249	0.0707145892210519	0.0426044559571564	0.0432606926048403	0.048160580261771	-0.00157026796748094	-0.00247871599615563	-0.00174240045273492	0.575938533317641	0.553209430255432	0.611719199918583	-0.0065893521132864	-0.00701073887450207	-0.00731092047447658	0.422617767124567	0.438366290783347	0.442548793115922	0.356220467983821	0.335264540752701	0.338761501090093	0.051501559458861	0.0616204347809685	0.0498056162820984
Tas-Int-2	0.971701032140832	1	0.935847004279133	-0.00559728817439939	-0.00383049552771027	-0.00360141743234247	0.747907391615914	0.29494586922919	0.726797277507163	0.680916700034852	0.800099744269225	0.763104163928559	0.610713533979863	0.597171549303923	0.637599780313061	0.156413671903891	0.0704175337061164	0.0715132499023228	0.0510777172386174	0.0475076763949184	0.0560951793475862	-0.00154719229026613	-0.00244229033415462	-0.00171679522403581	0.575924073006355	0.553655503282984	0.617357714223005	-0.00649251911053156	-0.00690771343511491	-0.0072034837537984	0.430619147902318	0.448124730108285	0.447186304320691	0.349647687179684	0.330199978489078	0.337989678500902	0.0395359487294183	0.0608141584103346	0.0389336144239446
Tas-Int-3	0.922422062146824	0.935847004279133	1	-0.0056265485458402	-0.00385051981776841	-0.00362024419424937	0.784111565887911	0.32712142759483	0.761660292573738	0.711529873306459	0.835647130999106	0.796784357848973	0.644101606688929	0.628440263825045	0.671896213409862	0.19351766837805	0.0868085360693563	0.0899782003994937	0.0588693989797355	0.0554521321221795	0.0655300135337557	-0.00155528038930498	-0.00245505764577358	-0.00172576993900097	0.597740856938993	0.569870599855918	0.631084098419782	-0.00652645938925967	-0.00694382418278778	-0.00724114066974351	0.441283217810992	0.453514875636134	0.441922718923381	0.354748305403804	0.339234355934445	0.334207292753223	0.0457133005445314	0.0665326974625823	0.0410879599931684
GP-Int-1	-0.00568076921033998	-0.00559728817439939	-0.0056265485458402	1	0.789081530847757	0.877729859526608	-0.00520043644195165	-0.00683959683980432	-0.00473494725706823	-0.00449756063313991	-0.00522127324829371	-0.00542650567677434	-0.0059394241008158	-0.00580480777347894	-0.0055818572348189	-0.00626065936116546	-0.00636066278910786	-0.00587315551000391	-0.00522438939444063	-0.00506436550409991	-0.00565049736404032	-0.000940661001164956	-0.0014848621501767	-0.00104377608678425	-0.0102445360550143	-0.0112231269730877	-0.0103381435930319	-0.00394731770899965	-0.00419974729483568	-0.00437956954824145	-0.00879794273487315	-0.00861139005069101	-0.00738704422669286	-0.0104589969278006	-0.0102481202324432	-0.0105775810388527	-0.0154336135241092	-0.0155108602741351	-0.0157892857418724
GP-Int-2	-0.00388762564587742	-0.00383049552771027	-0.00385051981776841	0.789081530847757	1	0.932983599967234	-0.00355891065679763	-0.00468066754648076	-0.00324035385119153	-0.00307789868130147	-0.00357317029307473	-0.00371362078891158	-0.0040646357211706	-0.00397251124521829	-0.00381993538801231	-0.00428447257604975	-0.00435290976769571	-0.00401928491327516	-0.00357530282288336	-0.00346579072038336	-0.00386690915455994	-0.000643739905072954	-0.0010161631219083	-0.00071430655485002	-0.00701083244591202	-0.00768052963111013	-0.00707489262015429	-0.00270134078497704	-0.00287409058264319	-0.00299715166436559	-0.00602085853880462	-0.00589319149716285	-0.00505531232119941	-0.00715759841337353	-0.00701328527220649	-0.00723875126684291	-0.0105619696071576	-0.0106148333013762	-0.0108053733407199
GP-Int-3	-0.00365513095373691	-0.00360141743234247	-0.00362024419424937	0.877729859526608	0.932983599967234	1	-0.00334607436213402	-0.00440074595439405	-0.00304656845627883	-0.00289382871893055	-0.00335948121832161	-0.00349153224420816	-0.0038215551581902	-0.00373494007373444	-0.00359148882887038	-0.00402824493910907	-0.00409258932829614	-0.00377891649983806	-0.00336148621479589	-0.00325852334951048	-0.00363565338681952	-0.000605241828179359	-0.000955392730488764	-0.000671588325861096	-0.00659155819483038	-0.00722120495977644	-0.00665178732878081	-0.00253979040657683	-0.00270220911409074	-0.00281791067848413	-0.00566078846521475	-0.00554075639469589	-0.00475298555703739	-0.00672954700329309	-0.00659386433285129	-0.00680584660971598	-0.00993032394579675	-0.00998002619150348	-0.010159171217072
SiU-Int-1	0.727176763986826	0.747907391615914	0.784111565887911	-0.00520043644195165	-0.00355891065679763	-0.00334607436213402	1	0.642432075648953	0.952904575699242	0.589291500422369	0.737300903005117	0.650748187192181	0.482912619286479	0.450838199068283	0.503305069035523	0.289580153107895	0.14865928480673	0.15964244501381	0.0842439600125524	0.081240323970469	0.100137142446597	-0.00143749525096945	-0.00226913020373957	-0.00159507321550447	0.505027974125166	0.474944398540215	0.534819038201549	-0.00603219486481038	-0.00641795161500422	-0.00669275160667953	0.290526516113141	0.290980890101963	0.257459192945815	0.319002235496294	0.313767512769058	0.297951207791863	0.0436012796788993	0.0733521887063866	0.0330438235768286
SiU-Int-2	0.269250806095631	0.29494586922919	0.32712142759483	-0.00683959683980432	-0.00468066754648076	-0.00440074595439405	0.642432075648953	1	0.62927677287649	0.355451787530238	0.306389891108251	0.387308610258256	0.37615212043925	0.369289587019988	0.358877169640863	0.27739539805624	0.157750400148234	0.173213396676992	0.0980042726063505	0.0871629190752364	0.109586219051752	-0.00189058900834766	-0.00298435255268254	-0.00209783502707835	0.153616811440266	0.151612411832643	0.155909749154658	-0.00793352277159212	-0.00844086877591495	-0.00880228481774534	0.362131552058822	0.365063756596332	0.335174312493164	0.168119865416192	0.165300976762692	0.144758940620477	0.0558003159092073	0.0899971531269951	0.0411957111624518
SiU-Int-3	0.712078057760872	0.726797277507163	0.761660292573738	-0.00473494725706823	-0.00324035385119153	-0.00304656845627883	0.952904575699242	0.62927677287649	1	0.679255427638169	0.781153222956557	0.711852549981391	0.522957669390129	0.494921467466097	0.55079769721134	0.264696098346148	0.140918845484341	0.150375733941884	0.0732507822429004	0.0718927602342615	0.0862884861176717	-0.00130882557100766	-0.00206602117996373	-0.00145229878893424	0.490278716107446	0.456545073972088	0.516403581331559	-0.00549225528434994	-0.00584348308736495	-0.00609368583118256	0.243635308481682	0.242182816415194	0.222339129277539	0.2863557136688	0.274398515922133	0.28072940127418	0.0331741583535545	0.0377347886935729	0.0247620503346655
EP-Int-1	0.685236111728541	0.680916700034852	0.711529873306459	-0.00449756063313991	-0.00307789868130147	-0.00289382871893055	0.589291500422369	0.355451787530238	0.679255427638169	1	0.89834592035245	0.957923545662518	0.756865476298723	0.761110061857754	0.830790474355211	0.161727101709326	0.0978921567733922	0.0894715618005552	0.0402095053020919	0.0400410350603542	0.0389609240336957	-0.00124320758906525	-0.00196244118925869	-0.00137948777590223	0.463679153652952	0.433012013796181	0.482486475051892	-0.0052169010155652	-0.00555052000947193	-0.00578817883644573	0.362093567988421	0.356158582735878	0.386700054695718	0.282593509335157	0.269028781517166	0.271312973160002	0.0407426863888707	0.0538453315898331	0.0416299929177115
EP-Int-2	0.807793915561917	0.800099744269225	0.835647130999106	-0.00522127324829371	-0.00357317029307473	-0.00335948121832161	0.737300903005117	0.306389891108251	0.781153222956557	0.89834592035245	1	0.918078459819703	0.68808017788657	0.682752768295517	0.748978215044586	0.189355890734693	0.0994907029592624	0.0924199242948057	0.0441565235549501	0.0425328248522457	0.0456032200294659	-0.00144325492335396	-0.00227822202269515	-0.00160146426211447	0.584433340038039	0.541437141557308	0.606278498456414	-0.00605636431243629	-0.00644366669034593	-0.00671956773464889	0.323824278378822	0.323519325190615	0.346629402863694	0.3516643732512	0.3315793476971	0.324908861405036	0.0459932729050845	0.0682051062952808	0.044424560370237
EP-Int-3	0.759683406228073	0.763104163928559	0.796784357848973	-0.00542650567677434	-0.00371362078891158	-0.00349153224420816	0.650748187192181	0.387308610258256	0.711852549981391	0.957923545662518	0.918078459819703	1	0.773492798427805	0.782324547865619	0.841687971219371	0.180351061431197	0.106991498714644	0.100857986123093	0.0554062192298736	0.0512161436071582	0.0558255157264297	-0.00149998490065085	-0.00236777202632474	-0.00166441296906945	0.508934706274773	0.469513274772269	0.524112942105983	-0.00629442163993029	-0.00669694770060748	-0.00698369357885227	0.462652090765015	0.481713825368907	0.49241939674448	0.322606694153992	0.306698472628015	0.315086187477108	0.0503667853324371	0.0670536259126506	0.049881772175153
FS-Int-1	0.610686826837615	0.610713533979863	0.644101606688929	-0.0059394241008158	-0.0040646357211706	-0.0038215551581902	0.482912619286479	0.37615212043925	0.522957669390129	0.756865476298723	0.68808017788657	0.773492798427805	1	0.923718151251312	0.951059043553925	0.191855152684958	0.142512548542817	0.133229674916096	0.0565845339132259	0.0552618914339726	0.0523565490766595	-0.00164176488525876	-0.00259157606681989	-0.00182173484946536	0.426887007624314	0.413961385990851	0.443999829503439	-0.00688937629769904	-0.00732994950049235	-0.00764379886903646	0.526275586837314	0.494751560393729	0.617064684578392	0.31124848199793	0.317324035845328	0.283576061412146	0.0513033031478059	0.0856808342021064	0.0484667821412665
FS-Int-2	0.598162699580507	0.597171549303923	0.628440263825045	-0.00580480777347894	-0.00397251124521829	-0.00373494007373444	0.450838199068283	0.369289587019988	0.494921467466097	0.761110061857754	0.682752768295517	0.782324547865619	0.923718151251312	1	0.882011337789773	0.175615267157789	0.14273882923994	0.131794590890325	0.0516293330451219	0.0504240418031706	0.0448029713153132	-0.00160455448313008	-0.00253283830938622	-0.00178044544991181	0.452215936823722	0.472729688224609	0.427592889308652	-0.00673322941896202	-0.0071638170835152	-0.00747055309416244	0.544505940209419	0.515549170310747	0.639988471983374	0.310629980930597	0.288378592606245	0.282366184285994	0.0513530918845409	0.089772253476753	0.0505588884513442
FS-Int-3	0.637857256718795	0.637599780313061	0.671896213409862	-0.0055818572348189	-0.00381993538801231	-0.00359148882887038	0.503305069035523	0.358877169640863	0.55079769721134	0.830790474355211	0.748978215044586	0.841687971219371	0.951059043553925	0.882011337789773	1	0.176936832361594	0.123761390354619	0.115701634699024	0.051885025361279	0.0506353625397604	0.0473644197669212	-0.0015429268978106	-0.00243555728175315	-0.00171206226004526	0.43835506711125	0.433949873272767	0.456759390128974	-0.00647462014463982	-0.00688866983661945	-0.00718362475795782	0.510075485681381	0.48349166867811	0.553266510892381	0.308167539458591	0.287840312247711	0.284316540887004	0.0418714049859764	0.0831955797732535	0.0409599802562265
JLB3-Int-1	0.144777633371736	0.156413671903891	0.19351766837805	-0.00626065936116546	-0.00428447257604975	-0.00402824493910907	0.289580153107895	0.27739539805624	0.264696098346148	0.161727101709326	0.189355890734693	0.180351061431197	0.191855152684958	0.175615267157789	0.176936832361594	1	0.862803545237988	0.759591778111071	0.164661137535392	0.16458465150343	0.18495574093003	-0.0017305601558771	-0.002731742116324	-0.00192026384128726	0.124943195943277	0.108038957747815	0.107854486580628	-0.00726198996378397	-0.00772639168009982	-0.0080572156714194	0.158485237796393	0.142570921050396	0.116888266066268	0.134917192561844	0.114306198364615	0.118204312231411	0.0388415887840692	0.0478551720144477	0.0320629054469921
JLB3-Int-2	0.076723153144249	0.0704175337061164	0.0868085360693563	-0.00636066278910786	-0.00435290976769571	-0.00409258932829614	0.14865928480673	0.157750400148234	0.140918845484341	0.0978921567733922	0.0994907029592624	0.106991498714644	0.142512548542817	0.14273882923994	0.123761390354619	0.862803545237988	1	0.897716722941565	0.127650086913679	0.155322223043733	0.159146667141203	-0.00175820292285493	-0.00277537706915046	-0.00195093680328768	0.0727929175610333	0.0554333159184049	0.0482313640005508	-0.00737798795188191	-0.00784980769893458	-0.00818591604311047	0.134606497182196	0.113750888497662	0.116672027596829	0.0783290797364582	0.0644992850738851	0.0602483982101668	0.0260175430653362	0.0323675652530113	0.0319054178799026
JLB3-Int-3	0.0707145892210519	0.0715132499023228	0.0899782003994937	-0.00587315551000391	-0.00401928491327516	-0.00377891649983806	0.15964244501381	0.173213396676992	0.150375733941884	0.0894715618005552	0.0924199242948057	0.100857986123093	0.133229674916096	0.131794590890325	0.115701634699024	0.759591778111071	0.897716722941565	1	0.146247767425105	0.165519351205904	0.186214273818405	-0.00162344704104629	-0.0025626607896794	-0.00180140900654561	0.0762029341629091	0.0530345971277301	0.0472382879849344	-0.00681250870059335	-0.00724816624745723	-0.00755851386986778	0.121272183922309	0.104235685449249	0.104283310059725	0.079375041595286	0.0639285508038105	0.0599143895459111	0.0265130555010241	0.036394450143689	0.0232895075307624
ML8-Int-1	0.0426044559571564	0.0510777172386174	0.0588693989797355	-0.00522438939444063	-0.00357530282288336	-0.00336148621479589	0.0842439600125524	0.0980042726063505	0.0732507822429004	0.0402095053020919	0.0441565235549501	0.0554062192298736	0.0565845339132259	0.0516293330451219	0.051885025361279	0.164661137535392	0.127650086913679	0.146247767425105	1	0.965165695204986	0.8612816789017	-0.00144411628284513	-0.00227958170498724	-0.00160242004367435	0.0322595485044439	0.0323793764316394	0.0283645791713685	-0.00605997885536845	-0.00644751238203343	-0.00672357808884977	0.0775548075000247	0.0767059141243672	0.0637975492038537	0.079041936885871	0.0709371741497986	0.0819077656227495	0.0408713963712825	0.0418771101988065	0.0321140306874919
ML8-Int-2	0.0432606926048403	0.0475076763949184	0.0554521321221795	-0.00506436550409991	-0.00346579072038336	-0.00325852334951048	0.081240323970469	0.0871629190752364	0.0718927602342615	0.0400410350603542	0.0425328248522457	0.0512161436071582	0.0552618914339726	0.0504240418031706	0.0506353625397604	0.16458465150343	0.155322223043733	0.165519351205904	0.965165695204986	1	0.921824561964136	-0.00139988276802881	-0.00220975774945097	-0.00155333765911443	0.0299038568841861	0.0303661591566646	0.0275206025283547	-0.00587436072497977	-0.00625002403717712	-0.00651763380683813	0.0726550737433971	0.071200642202911	0.0595313169679154	0.0766793405549807	0.0756555212415219	0.0857763816674326	0.0395731174681893	0.0377004140923643	0.0367208987760104
ML8-Int-3	0.048160580261771	0.0560951793475862	0.0655300135337557	-0.00565049736404032	-0.00386690915455994	-0.00363565338681952	0.100137142446597	0.109586219051752	0.0862884861176717	0.0389609240336957	0.0456032200294659	0.0558255157264297	0.0523565490766595	0.0448029713153132	0.0473644197669212	0.18495574093003	0.159146667141203	0.186214273818405	0.8612816789017	0.921824561964136	1	-0.001561900278388	-0.00246550734308809	-0.00173311549910547	0.0345853065788485	0.0353987144532083	0.032770301917119	-0.00655423858429024	-0.00697337984761718	-0.00727196183125102	0.0774746302666985	0.0833966117709253	0.0604251959820882	0.0849350775332463	0.0894286033469259	0.0993705750544876	0.0526177440702901	0.0480336428897222	0.0470706682621871
VM19D-Int-1	-0.00157026796748094	-0.00154719229026613	-0.00155528038930498	-0.000940661001164956	-0.000643739905072954	-0.000605241828179359	-0.00143749525096945	-0.00189058900834766	-0.00130882557100766	-0.00124320758906525	-0.00144325492335396	-0.00149998490065085	-0.00164176488525876	-0.00160455448313008	-0.0015429268978106	-0.0017305601558771	-0.00175820292285493	-0.00162344704104629	-0.00144411628284513	-0.00139988276802881	-0.001561900278388	1	0.872064504675906	0.981503084662519	-0.00283177615799142	-0.00310227649254495	-0.00285765098462514	-0.00109111043353607	-0.00116088656384626	-0.00121059270643155	-0.00243191144452006	-0.00238034488841255	-0.00204191342651757	-0.00289105704519967	-0.00283276688984444	-0.00292383585105197	-0.00426613158219445	-0.00428748398935386	-0.00436444585439898
VM19D-Int-2	-0.00247871599615563	-0.00244229033415462	-0.00245505764577358	-0.0014848621501767	-0.0010161631219083	-0.000955392730488764	-0.00226913020373957	-0.00298435255268254	-0.00206602117996373	-0.00196244118925869	-0.00227822202269515	-0.00236777202632474	-0.00259157606681989	-0.00253283830938622	-0.00243555728175315	-0.002731742116324	-0.00277537706915046	-0.0025626607896794	-0.00227958170498724	-0.00220975774945097	-0.00246550734308809	0.872064504675906	1	0.892749648093956	-0.00447004524431953	-0.00489703829270917	-0.00451088944925969	-0.00172235117902638	-0.0018324949340615	-0.0019109575998516	-0.00383884656861217	-0.00375744718319684	-0.0032232227733675	-0.00456362193723591	-0.00447160914484023	-0.00461536428445536	-0.00673421913551101	-0.00676792456304219	-0.00688941122005357
VM19D-Int-3	-0.00174240045273492	-0.00171679522403581	-0.00172576993900097	-0.00104377608678425	-0.00071430655485002	-0.000671588325861096	-0.00159507321550447	-0.00209783502707835	-0.00145229878893424	-0.00137948777590223	-0.00160146426211447	-0.00166441296906945	-0.00182173484946536	-0.00178044544991181	-0.00171206226004526	-0.00192026384128726	-0.00195093680328768	-0.00180140900654561	-0.00160242004367435	-0.00155333765911443	-0.00173311549910547	0.981503084662519	0.892749648093956	1	-0.0031421949386407	-0.00344234747002496	-0.00317090615900225	-0.00121071775820971	-0.00128814273506739	-0.00134329765584392	-0.00269849712895862	-0.00264127785647238	-0.00226574760008465	-0.00320797418578148	-0.00314329427433689	-0.00324434619829141	-0.00473378414014715	-0.00475747719424493	-0.00484287560475513
En8DAP-Int-1	0.575938533317641	0.575924073006355	0.597740856938993	-0.0102445360550143	-0.00701083244591202	-0.00659155819483038	0.505027974125166	0.153616811440266	0.490278716107446	0.463679153652952	0.584433340038039	0.508934706274773	0.426887007624314	0.452215936823722	0.43835506711125	0.124943195943277	0.0727929175610333	0.0762029341629091	0.0322595485044439	0.0299038568841861	0.0345853065788485	-0.00283177615799142	-0.00447004524431953	-0.0031421949386407	1	0.811282327340503	0.876963486884385	-0.0118830483697308	-0.0126429651536272	-0.013184304030481	0.322101128421804	0.306257621116378	0.292995920495819	0.321903742273422	0.323136146959	0.308085062307175	0.0393751695460424	0.0794933743262841	0.0431080443500573
En8DAP-Int-2	0.553209430255432	0.553655503282984	0.569870599855918	-0.0112231269730877	-0.00768052963111013	-0.00722120495977644	0.474944398540215	0.151612411832643	0.456545073972088	0.433012013796181	0.541437141557308	0.469513274772269	0.413961385990851	0.472729688224609	0.433949873272767	0.108038957747815	0.0554333159184049	0.0530345971277301	0.0323793764316394	0.0303661591566646	0.0353987144532083	-0.00310227649254495	-0.00489703829270917	-0.00344234747002496	0.811282327340503	1	0.850566932073707	-0.0130181552355954	-0.0138506617062497	-0.0144437110076307	0.308594904472622	0.325949993785126	0.308171580834885	0.333996841955963	0.322725440437556	0.306633605946717	0.0761619961787652	0.119258820175771	0.0814817269155766
En8DAP-Int-3	0.611719199918583	0.617357714223005	0.631084098419782	-0.0103381435930319	-0.00707489262015429	-0.00665178732878081	0.534819038201549	0.155909749154658	0.516403581331559	0.482486475051892	0.606278498456414	0.524112942105983	0.443999829503439	0.427592889308652	0.456759390128974	0.107854486580628	0.0482313640005508	0.0472382879849344	0.0283645791713685	0.0275206025283547	0.032770301917119	-0.00285765098462514	-0.00451088944925969	-0.00317090615900225	0.876963486884385	0.850566932073707	1	-0.0119916275085088	-0.0127584878903249	-0.0133047731502284	0.320766597584374	0.31586625723229	0.302652634646398	0.339431728391209	0.368134587171843	0.339979803493606	0.078834907138488	0.113605628560888	0.0843062304550371
Em20DAP-Int-1	-0.0065893521132864	-0.00649251911053156	-0.00652645938925967	-0.00394731770899965	-0.00270134078497704	-0.00253979040657683	-0.00603219486481038	-0.00793352277159212	-0.00549225528434994	-0.0052169010155652	-0.00605636431243629	-0.00629442163993029	-0.00688937629769904	-0.00673322941896202	-0.00647462014463982	-0.00726198996378397	-0.00737798795188191	-0.00681250870059335	-0.00605997885536845	-0.00587436072497977	-0.00655423858429024	-0.00109111043353607	-0.00172235117902638	-0.00121071775820971	-0.0118830483697308	-0.0130181552355954	-0.0119916275085088	1	0.952903632885401	0.910780913332179	-0.010205086741966	-0.00998869679929461	-0.00856852895863122	-0.0121318101400099	-0.0118872058009238	-0.0122693606078834	-0.017902067506215	-0.0179916691106249	-0.0183146259807768
Em20DAP-Int-2	-0.00701073887450207	-0.00690771343511491	-0.00694382418278778	-0.00419974729483568	-0.00287409058264319	-0.00270220911409074	-0.00641795161500422	-0.00844086877591495	-0.00584348308736495	-0.00555052000947193	-0.00644366669034593	-0.00669694770060748	-0.00732994950049235	-0.0071638170835152	-0.00688866983661945	-0.00772639168009982	-0.00784980769893458	-0.00724816624745723	-0.00644751238203343	-0.00625002403717712	-0.00697337984761718	-0.00116088656384626	-0.0018324949340615	-0.00128814273506739	-0.0126429651536272	-0.0138506617062497	-0.0127584878903249	0.952903632885401	1	0.936748285963059	-0.0108576984670932	-0.0106274704633295	-0.00911648338634802	-0.0129076351520432	-0.0126473884510899	-0.0130539819241914	-0.0190468984570907	-0.0191422300527399	-0.0194858399016955
Em20DAP-Int-3	-0.00731092047447658	-0.0072034837537984	-0.00724114066974351	-0.00437956954824145	-0.00299715166436559	-0.00281791067848413	-0.00669275160667953	-0.00880228481774534	-0.00609368583118256	-0.00578817883644573	-0.00671956773464889	-0.00698369357885227	-0.00764379886903646	-0.00747055309416244	-0.00718362475795782	-0.0080572156714194	-0.00818591604311047	-0.00755851386986778	-0.00672357808884977	-0.00651763380683813	-0.00727196183125102	-0.00121059270643155	-0.0019109575998516	-0.00134329765584392	-0.013184304030481	-0.0144437110076307	-0.0133047731502284	0.910780913332179	0.936748285963059	1	-0.0113225968688503	-0.0110825111009101	-0.00950682748816701	-0.0134603065096828	-0.0131889167220336	-0.0136129194698891	-0.0198624370979886	-0.0199618505445557	-0.020320172873333
IND-Int-1	0.422617767124567	0.430619147902318	0.441283217810992	-0.00879794273487315	-0.00602085853880462	-0.00566078846521475	0.290526516113141	0.362131552058822	0.243635308481682	0.362093567988421	0.323824278378822	0.462652090765015	0.526275586837314	0.544505940209419	0.510075485681381	0.158485237796393	0.134606497182196	0.121272183922309	0.0775548075000247	0.0726550737433971	0.0774746302666985	-0.00243191144452006	-0.00383884656861217	-0.00269849712895862	0.322101128421804	0.308594904472622	0.320766597584374	-0.010205086741966	-0.0108576984670932	-0.0113225968688503	1	0.881327685579903	0.777848514830123	0.312039135025975	0.296057033669645	0.274442105700787	0.103759558373554	0.168749761788651	0.108426414004942
IND-Int-2	0.438366290783347	0.448124730108285	0.453514875636134	-0.00861139005069101	-0.00589319149716285	-0.00554075639469589	0.290980890101963	0.365063756596332	0.242182816415194	0.356158582735878	0.323519325190615	0.481713825368907	0.494751560393729	0.515549170310747	0.48349166867811	0.142570921050396	0.113750888497662	0.104235685449249	0.0767059141243672	0.071200642202911	0.0833966117709253	-0.00238034488841255	-0.00375744718319684	-0.00264127785647238	0.306257621116378	0.325949993785126	0.31586625723229	-0.00998869679929461	-0.0106274704633295	-0.0110825111009101	0.881327685579903	1	0.793544321876328	0.327724652475694	0.331246432956274	0.307670945133021	0.146743584210694	0.207866127959408	0.148779244555448
IND-Int-3	0.442548793115922	0.447186304320691	0.441922718923381	-0.00738704422669286	-0.00505531232119941	-0.00475298555703739	0.257459192945815	0.335174312493164	0.222339129277539	0.386700054695718	0.346629402863694	0.49241939674448	0.617064684578392	0.639988471983374	0.553266510892381	0.116888266066268	0.116672027596829	0.104283310059725	0.0637975492038537	0.0595313169679154	0.0604251959820882	-0.00204191342651757	-0.0032232227733675	-0.00226574760008465	0.292995920495819	0.308171580834885	0.302652634646398	-0.00856852895863122	-0.00911648338634802	-0.00950682748816701	0.777848514830123	0.793544321876328	1	0.32663551423948	0.324231989334206	0.307843463742138	0.108298839808524	0.170323537409901	0.105097195578238
PR5D-Int-1	0.356220467983821	0.349647687179684	0.354748305403804	-0.0104589969278006	-0.00715759841337353	-0.00672954700329309	0.319002235496294	0.168119865416192	0.2863557136688	0.282593509335157	0.3516643732512	0.322606694153992	0.31124848199793	0.310629980930597	0.308167539458591	0.134917192561844	0.0783290797364582	0.079375041595286	0.079041936885871	0.0766793405549807	0.0849350775332463	-0.00289105704519967	-0.00456362193723591	-0.00320797418578148	0.321903742273422	0.333996841955963	0.339431728391209	-0.0121318101400099	-0.0129076351520432	-0.0134603065096828	0.312039135025975	0.327724652475694	0.32663551423948	1	0.813065820473478	0.828289941099702	0.313184860676776	0.356917862929656	0.30723476717209
PR5D-Int-2	0.335264540752701	0.330199978489078	0.339234355934445	-0.0102481202324432	-0.00701328527220649	-0.00659386433285129	0.313767512769058	0.165300976762692	0.274398515922133	0.269028781517166	0.3315793476971	0.306698472628015	0.317324035845328	0.288378592606245	0.287840312247711	0.114306198364615	0.0644992850738851	0.0639285508038105	0.0709371741497986	0.0756555212415219	0.0894286033469259	-0.00283276688984444	-0.00447160914484023	-0.00314329427433689	0.323136146959	0.322725440437556	0.368134587171843	-0.0118872058009238	-0.0126473884510899	-0.0131889167220336	0.296057033669645	0.331246432956274	0.324231989334206	0.813065820473478	1	0.836862222353366	0.283564053911262	0.337034619376582	0.283326163515203
PR5D-Int-3	0.338761501090093	0.337989678500902	0.334207292753223	-0.0105775810388527	-0.00723875126684291	-0.00680584660971598	0.297951207791863	0.144758940620477	0.28072940127418	0.271312973160002	0.324908861405036	0.315086187477108	0.283576061412146	0.282366184285994	0.284316540887004	0.118204312231411	0.0602483982101668	0.0599143895459111	0.0819077656227495	0.0857763816674326	0.0993705750544876	-0.00292383585105197	-0.00461536428445536	-0.00324434619829141	0.308085062307175	0.306633605946717	0.339979803493606	-0.0122693606078834	-0.0130539819241914	-0.0136129194698891	0.274442105700787	0.307670945133021	0.307843463742138	0.828289941099702	0.836862222353366	1	0.294638830676572	0.281323660865291	0.289252023326147
SR7D-Int-1	0.051501559458861	0.0395359487294183	0.0457133005445314	-0.0154336135241092	-0.0105619696071576	-0.00993032394579675	0.0436012796788993	0.0558003159092073	0.0331741583535545	0.0407426863888707	0.0459932729050845	0.0503667853324371	0.0513033031478059	0.0513530918845409	0.0418714049859764	0.0388415887840692	0.0260175430653362	0.0265130555010241	0.0408713963712825	0.0395731174681893	0.0526177440702901	-0.00426613158219445	-0.00673421913551101	-0.00473378414014715	0.0393751695460424	0.0761619961787652	0.078834907138488	-0.017902067506215	-0.0190468984570907	-0.0198624370979886	0.103759558373554	0.146743584210694	0.108298839808524	0.313184860676776	0.283564053911262	0.294638830676572	1	0.826089079708901	0.834931713126526
SR7D-Int-2	0.0616204347809685	0.0608141584103346	0.0665326974625823	-0.0155108602741351	-0.0106148333013762	-0.00998002619150348	0.0733521887063866	0.0899971531269951	0.0377347886935729	0.0538453315898331	0.0682051062952808	0.0670536259126506	0.0856808342021064	0.089772253476753	0.0831955797732535	0.0478551720144477	0.0323675652530113	0.036394450143689	0.0418771101988065	0.0377004140923643	0.0480336428897222	-0.00428748398935386	-0.00676792456304219	-0.00475747719424493	0.0794933743262841	0.119258820175771	0.113605628560888	-0.0179916691106249	-0.0191422300527399	-0.0199618505445557	0.168749761788651	0.207866127959408	0.170323537409901	0.356917862929656	0.337034619376582	0.281323660865291	0.826089079708901	1	0.903542485526768
SR7D-Int-3	0.0498056162820984	0.0389336144239446	0.0410879599931684	-0.0157892857418724	-0.0108053733407199	-0.010159171217072	0.0330438235768286	0.0411957111624518	0.0247620503346655	0.0416299929177115	0.044424560370237	0.049881772175153	0.0484667821412665	0.0505588884513442	0.0409599802562265	0.0320629054469921	0.0319054178799026	0.0232895075307624	0.0321140306874919	0.0367208987760104	0.0470706682621871	-0.00436444585439898	-0.00688941122005357	-0.00484287560475513	0.0431080443500573	0.0814817269155766	0.0843062304550371	-0.0183146259807768	-0.0194858399016955	-0.020320172873333	0.108426414004942	0.148779244555448	0.105097195578238	0.30723476717209	0.283326163515203	0.289252023326147	0.834931713126526	0.903542485526768	1
